X	F
0.000095	0.000000
0.000097	0.000000
0.000098	0.000000
0.000099	0.000000
0.000101	0.000000
0.000102	0.000000
0.000104	0.000000
0.000105	0.000000
0.000107	0.000000
0.000108	0.000000
0.000110	0.000000
0.000111	0.000000
0.000113	0.000000
0.000114	0.000000
0.000116	0.000000
0.000117	0.000000
0.000119	0.000000
0.000121	0.000000
0.000122	0.000000
0.000124	0.000000
0.000126	0.000000
0.000128	0.000000
0.000129	0.000000
0.000131	0.000000
0.000133	0.000000
0.000135	0.000000
0.000137	0.000000
0.000139	0.000000
0.000141	0.000000
0.000143	0.000000
0.000145	0.000000
0.000147	0.000000
0.000149	0.000000
0.000151	0.000000
0.000153	0.000000
0.000155	0.000000
0.000157	0.000000
0.000159	0.000000
0.000162	0.000000
0.000164	0.000000
0.000166	0.000000
0.000168	0.000000
0.000171	0.000000
0.000173	0.000000
0.000176	0.000000
0.000178	0.000000
0.000181	0.000000
0.000183	0.000000
0.000186	0.000000
0.000188	0.000000
0.000191	0.000000
0.000194	0.000000
0.000196	0.000000
0.000199	0.000000
0.000202	0.000000
0.000205	0.000000
0.000207	0.000000
0.000210	0.000000
0.000213	0.000000
0.000216	0.000000
0.000219	0.000000
0.000222	0.000000
0.000225	0.000000
0.000229	0.000000
0.000232	0.000000
0.000235	0.000000
0.000238	0.000000
0.000242	0.000000
0.000245	0.001056
0.000248	0.001185
0.000252	0.001289
0.000255	0.001391
0.000259	0.001495
0.000263	0.001591
0.000266	0.003048
0.000270	0.003149
0.000274	0.003284
0.000278	0.003430
0.000281	0.003545
0.000285	0.003686
0.000289	0.003831
0.000293	0.004007
0.000298	0.004163
0.000302	0.004349
0.000306	0.005057
0.000310	0.005312
0.000315	0.005598
0.000319	0.005908
0.000323	0.026403
0.000328	0.027795
0.000333	0.028204
0.000337	0.028577
0.000342	0.029305
0.000347	0.029733
0.000351	0.030083
0.000356	0.030524
0.000361	0.031192
0.000366	0.052047
0.000372	0.052702
0.000377	0.053071
0.000382	0.053340
0.000387	0.053641
0.000393	0.053992
0.000398	0.054353
0.000404	0.054576
0.000409	0.055012
0.000415	0.055230
0.000421	0.055390
0.000427	0.055543
0.000433	0.056886
0.000439	0.057010
0.000445	0.057135
0.000451	0.057262
0.000458	0.057347
0.000464	0.057456
0.000470	0.057542
0.000477	0.057621
0.000484	0.057705
0.000490	0.059749
0.000497	0.060153
0.000504	0.060443
0.000511	0.060692
0.000518	0.060977
0.000526	0.061266
0.000533	0.067783
0.000540	0.068080
0.000548	0.068437
0.000556	0.068782
0.000563	0.069142
0.000571	0.069451
0.000579	0.069911
0.000587	0.070242
0.000596	0.071024
0.000604	0.072985
0.000612	0.074289
0.000621	0.074837
0.000630	0.075429
0.000638	0.075973
0.000647	0.114118
0.000656	0.116939
0.000665	0.117602
0.000675	0.118389
0.000684	0.119731
0.000694	0.120567
0.000703	0.121274
0.000713	0.122175
0.000723	0.123478
0.000733	0.163352
0.000744	0.164769
0.000754	0.165595
0.000765	0.166349
0.000775	0.166918
0.000786	0.167766
0.000797	0.170123
0.000808	0.170821
0.000819	0.171644
0.000831	0.172219
0.000843	0.172686
0.000854	0.173117
0.000866	0.175844
0.000878	0.176264
0.000891	0.176686
0.000903	0.177142
0.000916	0.178136
0.000928	0.178608
0.000941	0.179083
0.000955	0.179648
0.000968	0.180782
0.000981	0.207474
0.000995	0.208544
0.001009	0.209243
0.001023	0.210402
0.001037	0.211232
0.001052	0.212064
0.001067	0.222142
0.001082	0.223276
0.001097	0.247071
0.001112	0.249629
0.001128	0.250560
0.001143	0.251319
0.001159	0.252165
0.001175	0.253038
0.001192	0.254744
0.001209	0.258244
0.001225	0.261239
0.001243	0.262228
0.001260	0.263123
0.001278	0.264073
0.001295	0.300120
0.001314	0.303270
0.001332	0.305666
0.001350	0.306769
0.001369	0.308266
0.001388	0.309343
0.001408	0.310361
0.001428	0.311510
0.001448	0.314041
0.001468	0.350981
0.001488	0.352286
0.001509	0.353592
0.001530	0.355228
0.001552	0.356218
0.001573	0.357520
0.001595	0.365458
0.001617	0.389369
0.001640	0.391982
0.001663	0.393210
0.001686	0.394262
0.001710	0.396798
0.001734	0.400314
0.001758	0.401453
0.001782	0.402867
0.001807	0.406535
0.001833	0.432072
0.001858	0.435136
0.001884	0.436307
0.001911	0.437560
0.001937	0.439557
0.001964	0.475201
0.001992	0.476903
0.002020	0.478306
0.002048	0.480390
0.002076	0.481806
0.002105	0.483216
0.002135	0.493910
0.002165	0.497229
0.002195	0.531261
0.002226	0.535473
0.002257	0.537291
0.002288	0.562493
0.002320	0.564074
0.002353	0.565889
0.002385	0.568627
0.002419	0.574395
0.002453	0.578300
0.002487	0.580272
0.002522	0.582211
0.002557	0.606438
0.002593	0.640678
0.002629	0.643793
0.002666	0.652032
0.002703	0.654863
0.002741	0.657908
0.002779	0.659714
0.002818	0.661699
0.002857	0.663898
0.002897	0.667257
0.002937	0.727419
0.002979	0.730233
0.003020	0.735466
0.003062	0.738714
0.003105	0.740960
0.003149	0.742882
0.003193	0.754845
0.003237	0.783599
0.003282	0.809638
0.003328	0.816483
0.003375	0.819225
0.003422	0.822806
0.003470	0.828544
0.003518	0.831040
0.003567	0.857752
0.003617	0.865498
0.003668	0.897010
0.003719	0.906535
0.003771	0.909347
0.003824	0.911738
0.003877	0.914777
0.003931	0.947775
0.003986	0.953727
0.004042	0.981059
0.004098	0.984408
0.004156	0.988445
0.004214	1.016845
0.004273	1.029336
0.004332	1.034218
0.004393	1.066931
0.004454	1.070719
0.004517	1.075974
0.004580	1.104648
0.004644	1.108682
0.004708	1.112819
0.004774	1.152019
0.004841	1.156568
0.004909	1.186037
0.004977	1.189483
0.005047	1.194310
0.005117	1.223581
0.005189	1.255661
0.005261	1.260035
0.005335	1.271888
0.005409	1.278541
0.005485	1.307936
0.005562	1.336750
0.005639	1.344079
0.005718	1.347861
0.005798	1.353750
0.005879	1.415348
0.005961	1.420225
0.006045	1.427737
0.006129	1.435628
0.006215	1.485369
0.006301	1.490837
0.006390	1.504438
0.006479	1.533059
0.006569	1.563165
0.006661	1.573595
0.006754	1.578317
0.006849	1.606462
0.006944	1.641693
0.007041	1.649127
0.007140	1.676105
0.007239	1.686343
0.007341	1.717327
0.007443	1.750388
0.007547	1.757557
0.007653	1.782345
0.007760	1.818186
0.007868	1.825208
0.007978	1.841073
0.008089	1.886983
0.008203	1.895042
0.008317	1.902527
0.008433	1.953544
0.008551	1.968774
0.008671	1.975551
0.008792	2.027040
0.008915	2.033166
0.009039	2.049552
0.009166	2.099026
0.009294	2.106822
0.009424	2.133515
0.009555	2.172858
0.009689	2.179213
0.009824	2.221421
0.009961	2.237672
0.010101	2.269979
0.010242	2.299718
0.010385	2.328840
0.010530	2.339611
0.010677	2.390368
0.010826	2.401661
0.010978	2.430526
0.011131	2.461823
0.011287	2.485559
0.011444	2.522073
0.011604	2.531804
0.011766	2.583327
0.011931	2.593355
0.012097	2.640577
0.012266	2.655630
0.012438	2.699460
0.012612	2.730192
0.012788	2.762759
0.012967	2.790263
0.013148	2.819781
0.013332	2.851830
0.013518	2.878870
0.013707	2.906191
0.013898	2.941137
0.014092	2.967627
0.014289	3.011979
0.014489	3.028792
0.014691	3.072216
0.014897	3.104876
0.015105	3.132352
0.015316	3.172033
0.015530	3.207195
0.015747	3.234183
0.015967	3.267345
0.016190	3.308375
0.016416	3.333214
0.016646	3.365646
0.016878	3.409095
0.017114	3.435447
0.017353	3.468605
0.017596	3.513740
0.017842	3.549353
0.018091	3.572770
0.018344	3.613360
0.018600	3.658139
0.018860	3.686540
0.019124	3.731331
0.019391	3.756112
0.019662	3.797107
0.019937	3.829182
0.020215	3.871416
0.020498	3.912626
0.020784	3.954057
0.021075	3.982867
0.021369	4.024304
0.021668	4.064145
0.021970	4.094091
0.022277	4.137576
0.022589	4.174259
0.022904	4.215081
0.023224	4.244501
0.023549	4.286308
0.023878	4.329658
0.024212	4.366189
0.024550	4.408089
0.024893	4.458749
0.025241	4.496982
0.025594	4.537270
0.025951	4.574820
0.026314	4.616029
0.026682	4.655565
0.027054	4.696346
0.027432	4.732282
0.027816	4.782419
0.028204	4.823246
0.028599	4.858752
0.028998	4.898916
0.029403	4.939682
0.029814	4.993149
0.030231	5.032452
0.030653	5.070661
0.031082	5.119166
0.031516	5.157721
0.031956	5.197889
0.032403	5.250853
0.032856	5.290876
0.033315	5.335338
0.033780	5.374557
0.034252	5.419845
0.034731	5.466607
0.035216	5.505790
0.035708	5.558062
0.036207	5.604927
0.036713	5.648447
0.037226	5.694830
0.037746	5.734869
0.038274	5.785461
0.038809	5.833503
0.039351	5.875144
0.039901	5.921069
0.040458	5.970990
0.041024	6.009968
0.041597	6.059741
0.042178	6.109729
0.042768	6.155430
0.043365	6.205672
0.043971	6.257533
0.044586	6.295266
0.045209	6.344585
0.045840	6.393679
0.046481	6.438755
0.047131	6.489023
0.047789	6.539219
0.048457	6.588181
0.049134	6.635619
0.049821	6.693356
0.050517	6.742083
0.051223	6.785949
0.051938	6.836946
0.052664	6.884740
0.053400	6.938528
0.054146	6.992295
0.054903	7.041060
0.055670	7.095565
0.056448	7.142130
0.057237	7.198492
0.058037	7.246335
0.058848	7.301025
0.059670	7.351792
0.060504	7.406477
0.061349	7.453482
0.062206	7.510283
0.063076	7.564968
0.063957	7.615370
0.064851	7.669426
0.065757	7.722901
0.066676	7.778091
0.067607	7.834710
0.068552	7.888521
0.069510	7.944103
0.070481	7.998034
0.071466	8.052473
0.072465	8.107891
0.073477	8.164220
0.074504	8.219669
0.075545	8.272092
0.076601	8.327900
0.077671	8.388449
0.078757	8.443748
0.079857	8.503162
0.080973	8.557803
0.082105	8.613937
0.083252	8.676481
0.084415	8.734949
0.085595	8.789367
0.086791	8.848713
0.088004	8.911441
0.089233	8.969734
0.090480	9.024027
0.091745	9.086220
0.093027	9.144386
0.094326	9.206808
0.095645	9.267224
0.096981	9.331858
0.098336	9.390825
0.099710	9.453544
0.101104	9.512644
0.102516	9.577703
0.103949	9.639448
0.105401	9.703747
0.106874	9.763377
0.108368	9.827524
0.109882	9.888875
0.111417	9.952901
0.112974	10.017242
0.114553	10.083283
0.116154	10.147209
0.117777	10.213111
0.119422	10.276829
0.121091	10.342741
0.122783	10.406596
0.124499	10.476026
0.126239	10.541131
0.128003	10.606340
0.129791	10.676276
0.131605	10.744445
0.133444	10.809231
0.135309	10.878021
0.137199	10.947127
0.139117	11.014851
0.141061	11.086581
0.143032	11.153736
0.145030	11.224503
0.147057	11.291844
0.149112	11.366273
0.151195	11.436455
0.153308	11.506257
0.155450	11.575508
0.157623	11.649145
0.159825	11.721338
0.162059	11.794384
0.164323	11.870662
0.166619	11.942532
0.168948	12.014395
0.171308	12.089728
0.173702	12.165719
0.176129	12.238308
0.178590	12.316018
0.181086	12.391951
0.183616	12.468824
0.186182	12.543019
0.188784	12.619570
0.191422	12.698715
0.194097	12.776468
0.196809	12.852700
0.199559	12.933230
0.202348	13.010668
0.205175	13.090555
0.208042	13.170145
0.210949	13.251037
0.213897	13.330654
0.216886	13.411760
0.219916	13.495568
0.222989	13.576119
0.226105	13.659121
0.229265	13.741512
0.232469	13.825714
0.235717	13.910273
0.239011	13.993244
0.242351	14.076710
0.245737	14.163604
0.249171	14.247487
0.252653	14.334658
0.256183	14.420043
0.259763	14.507411
0.263393	14.594588
0.267073	14.683520
0.270805	14.772013
0.274589	14.861501
0.278426	14.951407
0.282317	15.041405
0.286262	15.130869
0.290262	15.221765
0.294318	15.313973
0.298431	15.407794
0.302601	15.499793
0.306829	15.593681
0.311117	15.687670
0.315464	15.780715
0.319872	15.876052
0.324342	15.971323
0.328874	16.067616
0.333470	16.163587
0.338130	16.260073
0.342854	16.358797
0.347645	16.456917
0.352503	16.556273
0.357429	16.654250
0.362423	16.755842
0.367488	16.854862
0.372623	16.956094
0.377830	17.057428
0.383109	17.161006
0.388463	17.263511
0.393891	17.365839
0.399395	17.471084
0.404976	17.574701
0.410635	17.681847
0.416373	17.787882
0.422191	17.893934
0.428091	18.001051
0.434073	18.107570
0.440138	18.217558
0.446288	18.326416
0.452525	18.435600
0.458848	18.545982
0.465260	18.658332
0.471761	18.769345
0.478353	18.880983
0.485038	18.993409
0.491815	19.107593
0.498688	19.221460
0.505656	19.336641
0.512722	19.452302
0.519887	19.568192
0.527151	19.684405
0.534517	19.801882
0.541986	19.919946
0.549560	20.039828
0.557239	20.158651
0.565026	20.278019
0.572921	20.399775
0.580927	20.521699
0.589045	20.644050
0.597276	20.766170
0.605622	20.890027
0.614084	21.014008
0.622665	21.140019
0.631366	21.266330
0.640189	21.391914
0.649134	21.520035
0.658205	21.647713
0.667402	21.775730
0.676728	21.905298
0.686185	22.035244
0.695773	22.166207
0.705496	22.297249
0.715354	22.428976
0.725350	22.562463
0.735486	22.695817
0.745763	22.829631
0.756184	22.965075
0.766751	23.101214
0.777465	23.238668
0.788329	23.375444
0.799344	23.513335
0.810514	23.652901
0.821840	23.792141
0.833324	23.932319
0.844968	24.073305
0.856776	24.215273
0.868748	24.357871
0.880887	24.500732
0.893196	24.644779
0.905678	24.789463
0.918333	24.934564
0.931165	25.081436
0.944177	25.228305
0.957371	25.375985
0.970749	25.523927
0.984313	25.672901
0.998068	25.823405
1.012014	25.973288
1.026156	26.125350
1.040495	26.277585
1.055034	26.430795
1.069777	26.584366
1.084725	26.739332
1.099883	26.893598
1.115252	27.049168
1.130836	27.206164
1.146638	27.363632
1.162660	27.521823
1.178907	27.679946
1.195380	27.839284
1.212084	27.999670
1.229021	28.160574
1.246195	28.322680
1.263609	28.484334
1.281266	28.647712
1.299170	28.811066
1.317324	28.976844
1.335731	29.141922
1.354396	29.307830
1.373322	29.475088
1.392512	29.642728
1.411971	29.810094
1.431701	29.979219
1.451707	30.148992
1.471992	30.319848
1.492561	30.491354
1.513418	30.662665
1.534565	30.835548
1.556009	31.008133
1.577752	31.182142
1.599799	31.357071
1.622153	31.532944
1.644821	31.709149
1.667805	31.885627
1.691110	32.063227
1.714741	32.241416
1.738702	32.420510
1.762997	32.600144
1.787633	32.780652
1.812612	32.962035
1.837941	33.143487
1.863624	33.326347
1.889665	33.509256
1.916070	33.692901
1.942845	33.877837
1.969993	34.063108
1.997521	34.248743
2.025433	34.435041
2.053736	34.622780
2.082434	34.810196
2.111533	34.998811
2.141038	35.188470
2.170956	35.378407
2.201292	35.568958
2.232052	35.760505
2.263242	35.952903
2.294867	36.145577
2.326935	36.338853
2.359450	36.532649
2.392420	36.727942
2.425851	36.923907
2.459749	37.120060
2.494120	37.316982
2.528972	37.515079
2.564310	37.713367
2.600143	37.912781
2.636476	38.112056
2.673317	38.312553
2.710673	38.514559
2.748551	38.716469
2.786958	38.919511
2.825901	39.123014
2.865389	39.327247
2.905429	39.531967
2.946028	39.738235
2.987194	39.944573
3.028936	40.151665
3.071261	40.359493
3.114178	40.568322
3.157694	40.778175
3.201818	40.988334
3.246559	41.199605
3.291925	41.411333
3.337924	41.623737
3.384567	41.836925
3.431861	42.050857
3.479817	42.265863
3.528442	42.481521
3.577747	42.697445
3.627741	42.914507
3.678433	43.132512
3.729834	43.351453
3.781953	43.570394
3.834800	43.790570
3.888386	44.011686
3.942721	44.232978
3.997815	44.455827
4.053678	44.678689
4.110322	44.903095
4.167758	45.128452
4.225997	45.354155
4.285049	45.580970
4.344926	45.808281
4.405640	46.036696
4.467203	46.266067
4.529625	46.495963
4.592920	46.726956
4.657100	46.958021
4.722176	47.190327
4.788161	47.424095
4.855069	47.658217
4.922912	47.893273
4.991702	48.129173
5.061454	48.366276
5.132180	48.604306
5.203895	48.843142
5.276612	49.082497
5.350345	49.323382
5.425108	49.564585
5.500917	49.806631
5.577784	50.049581
5.655725	50.293867
5.734756	50.539100
5.814891	50.785302
5.896145	51.032106
5.978536	51.279965
6.062077	51.528239
6.146786	51.778023
6.232678	52.028130
6.319771	52.279679
6.408080	52.532043
6.497624	52.785202
6.588419	53.039283
6.680482	53.294593
6.773832	53.550819
6.868487	53.807654
6.964464	54.065319
7.061782	54.324230
7.160461	54.583730
7.260518	54.844782
7.361973	55.106045
7.464846	55.368640
7.569156	55.631785
7.674924	55.896162
7.782170	56.160953
7.890915	56.426933
8.001179	56.693908
8.112984	56.962196
8.226351	57.230855
8.341302	57.500261
8.457860	57.771235
8.576046	58.042834
8.695884	58.315587
8.817396	58.588788
8.940607	58.862731
9.065539	59.137498
9.192216	59.413375
9.320664	59.690383
9.450907	59.967002
9.582970	60.244874
9.716878	60.524057
9.852657	60.804328
9.990334	61.085231
10.129934	61.366523
10.271485	61.648530
10.415014	61.931470
10.560549	62.215366
10.708117	62.499582
10.857748	62.785180
11.009469	63.071182
11.163311	63.358526
11.319302	63.646011
11.477472	63.934900
11.637854	64.224084
11.800476	64.513922
11.965370	64.804460
12.132569	65.095021
12.302104	65.386548
12.474008	65.678502
12.648314	65.971679
12.825056	66.265151
13.004268	66.559875
13.185983	66.854472
13.370238	67.149269
13.557068	67.444682
13.746508	67.740993
13.938596	68.037904
14.133368	68.335323
14.330861	68.633072
14.531114	68.931375
14.734165	69.230175
14.940054	69.530008
15.148819	69.829890
15.360502	70.130054
15.575143	70.430725
15.792783	70.731683
16.013464	71.033437
16.237229	71.335098
16.464121	71.637570
16.694183	71.939648
16.927460	72.242302
17.163997	72.545216
17.403839	72.848798
17.647032	73.152336
17.893624	73.456480
18.143662	73.760343
18.397193	74.064823
18.654267	74.369518
18.914933	74.674077
19.179242	74.979277
19.447244	75.284351
19.718991	75.589636
19.994536	75.895060
20.273930	76.200955
20.557229	76.506130
20.844487	76.811280
21.135758	77.116036
21.431100	77.421769
21.730568	77.727177
22.034221	78.032648
22.342118	78.337969
22.654316	78.642965
22.970878	78.947695
23.291862	79.252382
23.617332	79.557081
23.947350	79.861595
24.281980	80.165547
24.621285	80.469296
24.965332	80.772817
25.314186	81.076043
25.667915	81.378526
26.026587	81.680786
26.390271	81.982166
26.759037	82.283616
27.132956	82.584395
27.512099	82.885219
27.896541	83.184961
28.286355	83.483925
28.681616	83.782032
29.082400	84.079622
29.488784	84.376616
29.900847	84.672955
30.318668	84.968099
30.742327	85.262605
31.171907	85.555568
31.607489	85.848358
32.049158	86.140242
32.496998	86.431037
32.951097	86.720222
33.411541	87.008178
33.878419	87.294951
34.351820	87.580740
34.831837	87.864834
35.318562	88.147832
35.812087	88.429465
36.312509	88.709628
36.819924	88.988345
37.334429	89.265378
37.856124	89.540470
38.385108	89.813567
38.921484	90.085071
39.465356	90.355185
40.016827	90.623385
40.576004	90.888528
41.142995	91.151536
41.717909	91.412343
42.300856	91.671234
42.891949	91.927835
43.491302	92.181792
44.099030	92.432903
44.715250	92.681076
45.340081	92.927138
45.973642	93.170332
46.616057	93.409678
47.267449	93.645850
47.927943	93.879042
48.597667	94.109147
49.276749	94.336022
49.965320	94.559413
50.663513	94.778688
51.371462	94.993892
52.089304	95.205937
52.817176	95.414298
53.555220	95.618010
54.303576	95.817971
55.062390	96.013715
55.831807	96.205296
56.611976	96.392847
57.403046	96.575437
58.205170	96.754125
59.018503	96.927679
59.843201	97.097318
60	97.261459
